.Random.seed <-
c(403L, 178L, -2126279850L, -1774701344L, -1140559293L, -1304392377L, 
-704324054L, -607666534L, 159917971L, 1182721360L, 1016452152L, 
424496530L, -135175134L, -762039084L, 204479948L, 1442580695L, 
-944849689L, 1408188371L, -1763011662L, 2027469620L, 439008426L, 
1250723109L, -1201068591L, 1898364448L, 1514001688L, -1669786689L, 
145085809L, -677834425L, -294634380L, -1983459939L, 1114962336L, 
953362815L, -700137212L, 1410905599L, -833953954L, -1632082004L, 
-277416054L, 424178346L, -440586407L, 1316788408L, 750608244L, 
701026854L, -378358062L, -47364505L, -1462568657L, -68630823L, 
1986833162L, -1098527578L, 409426017L, 1450308142L, 1188512268L, 
387949166L, 779351605L, -1831117583L, -448130687L, -86028828L, 
-134888413L, 1188737449L, 1692279659L, 56416105L, 885912155L, 
1520443946L, -35974899L, 2033474645L, 2021171706L, 597651086L, 
1736439548L, 463849523L, -1223653981L, 1054982165L, 1751524919L, 
-1980441164L, -420195153L, 899342442L, 1318373494L, -1019950796L, 
-126182232L, -1989966638L, 822594081L, -2136506402L, -1528597591L, 
222247232L, 62769548L, -1173681872L, -358181502L, 1782114950L, 
-1769857807L, -1800846185L, 43367606L, 423939293L, -6973584L, 
655514532L, -1312504078L, -2034563732L, -209743501L, 2144228880L, 
594294259L, -1422842769L, 467382234L, 371942550L, 190130858L, 
-1729265434L, 917612487L, -689735073L, 1084350996L, -1714612264L, 
1031453943L, 1568199793L, 752543242L, -546246637L, 2093425202L, 
-1297463042L, -577203512L, 1496479140L, -934956484L, -604720320L, 
827562861L, 1898908073L, 2095270547L, 1351232859L, -635072245L, 
2074233086L, -1156260429L, 1426434743L, -1284618103L, -2076832070L, 
-1995606447L, -27551342L, 739564725L, 1422995443L, -276036283L, 
1625165932L, -2093501201L, 1017433383L, 1858617074L, -1447193071L, 
-950094605L, -42030691L, -711535607L, 662645906L, -1090191717L, 
-1682264807L, 921857194L, -1332764186L, -1923713367L, 1209990959L, 
702024682L, 627159432L, 438963964L, 348165137L, 307063926L, 1450816538L, 
1465702708L, -2026647508L, -1140785032L, -862642740L, -1405821659L, 
1736900918L, 1946847412L, -1668893215L, -5320581L, 1144488626L, 
-572334658L, 1529307160L, -1122488648L, 422803387L, 1493698067L, 
717912164L, -224736175L, 2018247097L, 8820207L, 312402143L, -165851737L, 
-929488299L, 312167356L, -371305310L, 2027062475L, -1140239759L, 
2104816372L, 796885015L, 647496226L, 934483409L, -1120286507L, 
1367679734L, -1011626496L, 894191463L, -1341184327L, 810488358L, 
1340956522L, 726486099L, 1305300423L, 1928120323L, 324906517L, 
1415271154L, 940705586L, 981730876L, -1842324920L, 1699274531L, 
-571321492L, -101348456L, -1840041614L, 1180390276L, -1512387248L, 
1135470568L, -1096201815L, 703888680L, -1838787849L, -1377648687L, 
-1357235324L, -1784336718L, -1110869768L, 1232558119L, 1029823434L, 
-1728397372L, 481065223L, 641752378L, 592319880L, 888044072L, 
526253361L, 1315535025L, -1341751534L, 988006549L, 1811801515L, 
1707918142L, 829120412L, 1793191895L, 979140297L, 1212619681L, 
665576968L, -1831072783L, -1161414966L, 622440518L, 518077936L, 
1127048182L, -1162135002L, -331742169L, -56281366L, -1153291523L, 
-2107382869L, 1928031774L, 1458884937L, 842036713L, 1969676886L, 
-1507842142L, 827080158L, 377993421L, 1243096882L, 1336784949L, 
512407993L, -740502862L, 959072597L, -2125263228L, -1090670848L, 
-1357590884L, -113086172L, 632248371L, -2137353722L, 300271720L, 
-970635798L, 278332429L, 1987728668L, -282126952L, -1874371582L, 
-906526793L, 1777189125L, -1986789859L, -1350434238L, 2093010457L, 
1107757498L, 794879582L, -290872330L, 1043770396L, 265624824L, 
178468232L, -2019521200L, 2123153750L, -1441372307L, -2143860643L, 
-1551158241L, 1982304660L, 1398937675L, -1405314553L, -911930927L, 
831378356L, -355001322L, -1790404916L, 405148855L, 757329763L, 
-1494268882L, 1041409956L, 684600511L, 494699854L, 698261524L, 
-1995892927L, 1562867743L, 905981292L, 1991990158L, -2094770631L, 
-387584913L, -974643887L, -1551568411L, -1949781182L, 778818269L, 
-1953144464L, 235701726L, -671276678L, 1701138066L, -1212153053L, 
-1515084568L, 1238793404L, 420615264L, 1958587476L, 159293276L, 
538294581L, -862857397L, -2027422482L, -1434739608L, -1401139944L, 
-2035850583L, 1021612003L, 285659260L, 1177268485L, 1044046289L, 
-600770249L, 1067551094L, -21019647L, -553409085L, -885764435L, 
-270257599L, 2129279063L, -1813201492L, 1363068566L, -1148089639L, 
1484594492L, -1432848160L, -1759145558L, -527702812L, 189368346L, 
-482187456L, -589852535L, 1168331874L, -1908408991L, -2023598353L, 
31382943L, 6617744L, 1452672199L, 1775542753L, -953051043L, 846051141L, 
1810208146L, 1164505270L, -652477506L, 2047131523L, 1411716372L, 
870535336L, -455680095L, -1678654950L, 2079758141L, -2088294401L, 
2093201471L, 423869704L, -1584159977L, -1364630600L, -253196145L, 
-514801132L, 92864726L, 264080467L, -340064752L, 275515393L, 
-841888559L, -505774081L, -822074775L, -419124744L, 1664585722L, 
-1049004588L, 984290793L, 1262018588L, 1023084987L, -395340191L, 
747372395L, -2094554636L, -224512958L, -2120353793L, -1820157751L, 
1742965838L, -1907717272L, -1834568538L, 697187046L, 1449775052L, 
1823064006L, 1554637793L, -150424946L, 694007250L, 323882703L, 
354974152L, 2114375355L, 289419283L, -1940698232L, -1749037616L, 
2011232818L, 1342646228L, 1181811685L, -2090358139L, 911496481L, 
-774666590L, -126532791L, 2018789421L, -1283403877L, -589225214L, 
390100502L, 1359419221L, 1269613259L, 1694140346L, -2142191489L, 
-330240215L, 1331219820L, 1423737204L, 2098250806L, 1647128077L, 
1822954329L, 1850064666L, -1644817974L, 639998298L, -663094569L, 
1111590719L, -1777277861L, 1928026712L, -330190597L, -2096858166L, 
394298465L, 845949360L, 963151159L, -1876620748L, -1928304598L, 
-968588502L, 1690012924L, -504513112L, -390108133L, -771217197L, 
-824155901L, -1043237299L, 1749808539L, 1210433546L, 21270181L, 
959651585L, -353061764L, -1257806366L, 471360555L, -937603262L, 
755380105L, 1992601818L, -431106654L, -141302550L, -1958077887L, 
-954772118L, -568642858L, -1192841602L, -927917185L, 588573542L, 
1656528193L, -391757770L, -1475707068L, 1539257065L, 1209931817L, 
1680815232L, -547188L, -977172736L, 867159743L, 513616221L, -632370923L, 
-740743277L, 679259767L, 2014276683L, -1297144174L, -448522950L, 
1325671540L, -808832312L, 1946379311L, 754425041L, 1208731190L, 
-1120738518L, 787085941L, 1389174810L, -1800925535L, -1489514391L, 
-203819530L, -1877123327L, -534285107L, 1838959791L, -745876545L, 
631142792L, -1239170969L, 52937267L, 835032956L, 2114715347L, 
538410055L, -154277557L, 1463769423L, -634780310L, 395506958L, 
-1712152073L, -1454098245L, -1019708412L, -190014636L, 2125547419L, 
723404759L, 323030011L, -932997014L, 1150116700L, -495927205L, 
-1657450492L, -1011034143L, 1562153974L, -515818689L, 1923052242L, 
1773728319L, 1414870108L, -1199670297L, -1052358608L, -553368953L, 
-22372826L, 1098983961L, 460846596L, -1789064448L, 1837494034L, 
-242296388L, -281310183L, -1569058480L, 1216069672L, 648793215L, 
609719535L, 1725594155L, -748694989L, 1711744089L, 705960017L, 
-1053677100L, 548112376L, 1074325529L, 80323526L, -1147146553L, 
420557548L, -1719187253L, 1197011696L, -1082547126L, -658617895L, 
1279707400L, 1663940396L, 1523300373L, -120540721L, -1054539011L, 
-1329755867L, 815431481L, 641273481L, -1135144814L, 630214402L, 
1139509590L, 297447609L, -1833877233L, 1719023154L, 359758343L, 
1260750212L, 1291818125L, 1435753787L, 1981469161L, 1657325397L, 
-644264232L, 77427436L, -699100775L, 1457125675L, 1653823961L, 
-1430394371L, -1066126986L, 1657202334L, 313903L, 1219713810L, 
-497785043L, -504240554L, -2006984696L, 1170677408L, 597275048L, 
-497734493L, -857587981L, 63384590L, -15979215L, -1310404000L, 
1426763830L, -1735010569L, -101390508L, 1580628035L, -1161572605L, 
-1928326478L, -839732156L, 109413458L, 324068052L, -2140938378L, 
892142169L, -2074547349L, -852561212L, -235253345L, -1804863175L, 
1666476214L, 1786484929L, 97487341L, -1906778028L, -66821322L, 
